terminal_font1 ! 0.875 0.0 0.125 0.09 8 18
terminal_font1 # 0.265625 0.0 0.203125 0.09 13 18
terminal_font1 $ 0.15625 0.185 0.15625 0.1 10 20
terminal_font1 % 0.0 0.0 0.265625 0.09 17 18
terminal_font1 0 0.0 0.375 0.15625 0.09 10 18
terminal_font1 1 0.125 0.86 0.109375 0.09 7 18
terminal_font1 2 0.15625 0.375 0.15625 0.09 10 18
terminal_font1 3 0.3125 0.375 0.15625 0.09 10 18
terminal_font1 4 0.46875 0.375 0.15625 0.09 10 18
terminal_font1 5 0.625 0.375 0.15625 0.09 10 18
terminal_font1 6 0.78125 0.375 0.15625 0.09 10 18
terminal_font1 7 0.0 0.465 0.15625 0.09 10 18
terminal_font1 8 0.15625 0.465 0.15625 0.09 10 18
terminal_font1 9 0.3125 0.465 0.15625 0.09 10 18
terminal_font1 a 0.375 0.29 0.203125 0.06 13 12
terminal_font1 & 0.46875 0.0 0.203125 0.09 13 18
terminal_font1 ' 0.234375 0.86 0.046875 0.09 3 18
terminal_font1 * 0.0 0.185 0.15625 0.105 10 21
terminal_font1 b 0.4375 0.09 0.1875 0.085 12 17
terminal_font1 c 0.578125 0.555 0.171875 0.06 11 12
terminal_font1 : 0.28125 0.825 0.0625 0.075 4 15
terminal_font1 , 0.1875 0.155 0.078125 0.025 5 5
terminal_font1 d 0.5625 0.185 0.171875 0.085 11 17
terminal_font1 . 0.265625 0.155 0.046875 0.02 3 4
terminal_font1 e 0.75 0.555 0.171875 0.06 11 12
terminal_font1 = 0.46875 0.465 0.15625 0.09 10 18
terminal_font1 f 0.890625 0.29 0.109375 0.085 7 17
terminal_font1 g 0.734375 0.185 0.171875 0.085 11 17
terminal_font1 > 0.625 0.465 0.15625 0.09 10 18
terminal_font1 h 0.578125 0.29 0.140625 0.085 9 17
terminal_font1 i 0.9375 0.375 0.0625 0.085 4 17
terminal_font1 j 0.28125 0.715 0.078125 0.11 5 22
terminal_font1 k 0.625 0.09 0.1875 0.085 12 17
terminal_font1 l 0.9375 0.465 0.0625 0.085 4 17
terminal_font1 ( 0.0 0.76 0.09375 0.11 6 22
terminal_font1 < 0.78125 0.465 0.15625 0.09 10 18
terminal_font1 m 0.3125 0.185 0.25 0.06 16 12
terminal_font1 - 0.453125 0.555 0.125 0.085 8 17
terminal_font1 n 0.453125 0.655 0.140625 0.06 9 12
terminal_font1 o 0.125 0.655 0.171875 0.06 11 12
terminal_font1 p 0.8125 0.09 0.1875 0.085 12 17
terminal_font1 + 0.0 0.555 0.140625 0.1 9 20
terminal_font1 q 0.0 0.29 0.171875 0.085 11 17
terminal_font1 ? 0.140625 0.555 0.15625 0.09 10 18
terminal_font1 " 0.296875 0.555 0.15625 0.09 10 18
terminal_font1 r 0.59375 0.655 0.109375 0.06 7 12
terminal_font1 ) 0.0 0.87 0.09375 0.11 6 22
terminal_font1 s 0.296875 0.655 0.15625 0.06 10 12
terminal_font1 ; 0.90625 0.185 0.078125 0.075 5 15
terminal_font1 / 0.0 0.655 0.125 0.105 8 21
terminal_font1 t 0.125 0.78 0.125 0.08 8 16
terminal_font1 u 0.125 0.715 0.15625 0.065 10 13
terminal_font1 v 0.171875 0.29 0.203125 0.065 13 13
terminal_font1 w 0.1875 0.09 0.25 0.065 16 13
terminal_font1 x 0.71875 0.29 0.171875 0.065 11 13
terminal_font1 y 0.671875 0.0 0.203125 0.09 13 18
terminal_font1 z 0.359375 0.715 0.125 0.065 8 13
terminal_font1 ë 0.0 0.09 0.1875 0.095 12 19
